2	header
$Id: filterTable.py 4516 2015-09-29 22:27:07Z p.eisenlohr $	-w Pos_indenter
Pos_indenter
0
0.001875
0.00375
0.005625
0.0075
0.009375
0.01125
0.013125
0.015
0.016875
0.01875
0.020625
0.0225
0.024375
0.02625
0.028125
0.03
0.031875
0.03375
0.035625
0.0375
0.039375
0.04125
0.043125
0.045
0.046875
0.04875
0.050625
0.0525
0.054375
0.05625
0.058125
0.06
0.061875
0.06375
0.065625
0.0675
0.069375
0.07125
0.073125
0.075
0.076875
0.07875
0.080625
0.0825
0.084375
0.08625
0.088125
0.09
0.091875
0.09375
0.095625
0.0975
0.099375
0.10125
0.103125
0.105
0.106875
0.10875
0.110625
0.1125
0.114375
0.11625
0.118125
0.12
0.121875
0.12375
0.125625
0.1275
0.129375
0.13125
0.133125
0.135
0.136875
0.13875
0.140625
0.1425
0.144375
0.14625
0.148125
0.15
0.151875
0.15375
0.155625
0.1575
0.159375
0.16125
0.163125
0.165
0.166875
0.16875
0.170625
0.1725
0.174375
0.17625
0.178125
0.18
0.181875
0.18375
0.185625
0.1875
0.189375
0.19125
0.193125
0.195
0.196875
0.19875
0.200625
0.2025
0.204375
0.20625
0.208125
0.21
0.211875
0.21375
0.215625
0.2175
0.219375
0.22125
0.223125
0.225
0.226875
0.22875
0.230625
0.2325
0.234375
0.23625
0.238125
0.24
0.241875
0.24375
0.245625
0.2475
0.249375
0.25125
0.253125
0.255
0.256875
0.25875
0.260625
0.2625
0.264375
0.26625
0.268125
0.27
0.271875
0.27375
0.275625
0.2775
0.279375
0.28125
0.283125
0.285
0.286875
0.28875
0.290625
0.2925
0.294375
0.29625
0.298125
0.3
0.295522
0.291045
0.286567
0.28209
0.277612
0.273134
0.268657
0.264179
0.259701
0.255224
0.250746
0.246269
0.241791
0.24
0.229254
0.211343
0.193433
0.175522
0.157612
0.139701
0.121791
0.103881
0.0859701
0.0680597
0.0501493
0.0322388
0.0143284
8.38739e-16
