1 head
Cost Fitness
4 0.0885885716132
4 0.0885885716132
6 0.0885885716132
8 0.0885885716132
10 0.0885885716132
12 0.0858313008267
14 0.0788766399363
15 0.0788766399363
16 0.0788766399363
18 0.0572034382843
19 0.0572034382843
21 0.0572034382843
23 0.0572034382843
25 0.0572034382843
27 0.0572034382843
29 0.0572034382843
30 0.0572034382843
32 0.0572034382843
33 0.0572034382843
34 0.0572034382843
35 0.0572034382843
37 0.0570797150343
39 0.0561300712677
41 0.0561300712677
42 0.0561300712677
44 0.0546700355685
45 0.0546700355685
47 0.0541388321918
49 0.0519340370826
50 0.0519340370826
52 0.0474366911894
53 0.0474366911894
55 0.0470113761605
57 0.0383015836031
58 0.0383015836031
60 0.0382984266794
