Generation 0
points
[[ 0.44414795  0.          0.96082076]
 [ 0.37631946  0.01193046  0.73491831]
 [ 0.33614742  0.01510913  1.        ]
 [ 0.50011323  0.05540425  0.91775411]
 [ 0.49474115  0.          0.98120518]
 [ 0.42956355  0.1685748   0.71722855]
 [ 0.55666938  0.7702964   0.38074925]
 [ 0.39600869  0.          0.79259964]
 [ 0.38855907  0.00315184  0.95797447]
 [ 0.42056186  0.06533274  0.78499526]]
fitnesses
[ 0.25402566  0.2073158   0.21666324  0.13124337  0.25935698  0.15802948
  1.47502092  0.25887712  0.24320721  0.09162698]
velocities
[[ 0.09714439  0.53751912  0.14483219]
 [ 0.88519377  0.77383881  0.70044558]
 [ 0.99057573  0.11970037  0.35799776]
 [ 0.62615658  0.48212303  0.87086353]
 [ 0.17621674  0.62926747  0.03015354]
 [ 0.18076915  0.80180176  0.541492  ]
 [ 0.00633813  0.90141121  0.64900465]
 [ 0.25202492  0.82606763  0.44384915]
 [ 0.06591637  0.47177285  0.77392693]
 [ 0.00188207  0.76853934  0.00387728]]
local Best
[  1.00000000e+60   1.00000000e+60   1.00000000e+60   1.00000000e+60
   1.00000000e+60   1.00000000e+60   1.00000000e+60   1.00000000e+60
   1.00000000e+60   1.00000000e+60]
posPBest
[[ 0.  0.  0.]
 [ 0.  0.  0.]
 [ 0.  0.  0.]
 [ 0.  0.  0.]
 [ 0.  0.  0.]
 [ 0.  0.  0.]
 [ 0.  0.  0.]
 [ 0.  0.  0.]
 [ 0.  0.  0.]
 [ 0.  0.  0.]]
gBest
1e+60
posGBest
[ 1.  1.  1.]
##################################################
Generation 1
points
[[ 0.46244529  0.19129876  0.9234177 ]
 [ 0.64508333  0.24795155  0.94868049]
 [ 0.6588897   0.06623223  1.        ]
 [ 0.60900964  0.20989467  1.        ]
 [ 0.54588323  0.19029771  0.98569393]
 [ 0.47989677  0.36441392  0.90901755]
 [ 0.40669091  0.25406362  1.        ]
 [ 0.48623844  0.28672823  0.92122571]
 [ 0.42111961  0.16952597  1.        ]
 [ 0.42112648  0.29589454  0.78615844]]
fitnesses
[ 0.21484626  0.29975774  0.21742394  0.26492607  0.23434426  0.34623401
  0.25068377  0.28707534  0.19508729  0.25865585]
velocities
[[  1.82973399e-02   1.91298757e-01  -3.74030581e-02]
 [  2.68763870e-01   2.36021094e-01   2.13762177e-01]
 [  3.22742280e-01   5.11230973e-02   4.22733071e-02]
 [  1.08896412e-01   1.54490416e-01   1.29502862e-01]
 [  5.11420818e-02   1.90297706e-01   4.48875168e-03]
 [  5.03332234e-02   1.95839123e-01   1.91789004e-01]
 [ -1.49978470e-01  -5.16232783e-01   6.45792177e-01]
 [  9.02297525e-02   2.86728234e-01   1.28626068e-01]
 [  3.25605407e-02   1.66374128e-01   1.63070098e-01]
 [  5.64620885e-04   2.30561801e-01   1.16318419e-03]]
local Best
[ 0.25402566  0.2073158   0.21666324  0.13124337  0.25935698  0.15802948
  1.47502092  0.25887712  0.24320721  0.09162698]
posPBest
[[ 0.44414795  0.          0.96082076]
 [ 0.37631946  0.01193046  0.73491831]
 [ 0.33614742  0.01510913  1.        ]
 [ 0.50011323  0.05540425  0.91775411]
 [ 0.49474115  0.          0.98120518]
 [ 0.42956355  0.1685748   0.71722855]
 [ 0.55666938  0.7702964   0.38074925]
 [ 0.39600869  0.          0.79259964]
 [ 0.38855907  0.00315184  0.95797447]
 [ 0.42056186  0.06533274  0.78499526]]
gBest
0.0916269837176
posGBest
[ 0.42056186  0.06533274  0.78499526]
##################################################
Generation 2
points
[[ 0.43789502  0.15834353  0.81291798]
 [ 0.38992311  0.0311479   0.75317842]
 [ 0.58698752  0.05727229  0.9985075 ]
 [ 0.42746134  0.01861641  0.83782766]
 [ 0.48055022  0.16694082  0.85784078]
 [ 0.45412884  0.24719219  0.83621086]
 [ 0.37095491  0.          1.        ]
 [ 0.43792431  0.13080779  0.84432896]
 [ 0.43025767  0.1017289   0.80602561]
 [ 0.42030361  0.          0.78446324]]
fitnesses
[ 0.17420309  0.14618305  0.17902532  0.17857674  0.19346133  0.24431062
  0.2648085   0.15316617  0.11672175  0.25701987]
velocities
[[-0.02455027 -0.03295523 -0.11049972]
 [-0.25516022 -0.21680365 -0.19550207]
 [-0.07190218 -0.00895993 -0.0014925 ]
 [-0.1815483  -0.19127826 -0.16217234]
 [-0.06533301 -0.02335689 -0.12785315]
 [-0.02576794 -0.11722174 -0.0728067 ]
 [-0.035736   -0.28082974  0.05024244]
 [-0.04831413 -0.15592045 -0.07689674]
 [ 0.00913806 -0.06779706 -0.19397439]
 [-0.00082287 -0.33601745 -0.00169521]]
local Best
[ 0.21484626  0.2073158   0.21666324  0.13124337  0.23434426  0.15802948
  0.25068377  0.25887712  0.19508729  0.09162698]
posPBest
[[ 0.46244529  0.19129876  0.9234177 ]
 [ 0.37631946  0.01193046  0.73491831]
 [ 0.33614742  0.01510913  1.        ]
 [ 0.50011323  0.05540425  0.91775411]
 [ 0.54588323  0.19029771  0.98569393]
 [ 0.42956355  0.1685748   0.71722855]
 [ 0.40669091  0.25406362  1.        ]
 [ 0.39600869  0.          0.79259964]
 [ 0.42111961  0.16952597  1.        ]
 [ 0.42056186  0.06533274  0.78499526]]
gBest
0.0916269837176
posGBest
[ 0.42056186  0.06533274  0.78499526]
##################################################
Generation 3
points
[[ 0.42447581  0.11597012  0.7700152 ]
 [ 0.34338344  0.          0.72569005]
 [ 0.38558154  0.06329423  0.76734386]
 [ 0.40715223  0.02512663  0.78476299]
 [ 0.41151284  0.07619672  0.75945154]
 [ 0.4117885   0.04342275  0.73327324]
 [ 0.40736264  0.20357197  0.97972762]
 [ 0.41757063  0.06193528  0.80123613]
 [ 0.42770762  0.06152666  0.73635603]
 [ 0.42029321  0.          0.78444181]]
fitnesses
[ 0.1217522   0.26897021  0.09016688  0.16020466  0.08858857  0.11496573
  0.21554102  0.09241198  0.09258209  0.25708742]
velocities
[[ -1.34192125e-02  -4.23734057e-02  -4.29027728e-02]
 [ -4.65396697e-02  -3.15595674e-02  -2.74883699e-02]
 [ -2.01405988e-01   6.02193312e-03  -2.31163643e-01]
 [ -2.03091123e-02   6.51022724e-03  -5.30646720e-02]
 [ -6.90373837e-02  -9.07440999e-02  -9.83892425e-02]
 [ -4.23403328e-02  -2.03769433e-01  -1.02937623e-01]
 [  3.64077294e-02   2.03571971e-01  -2.02723845e-02]
 [ -2.03536806e-02  -6.88725067e-02  -4.30928291e-02]
 [ -2.55004936e-03  -4.02022463e-02  -6.96695845e-02]
 [ -1.04022882e-05  -4.09851592e-02  -2.14299142e-05]]
local Best
[ 0.17420309  0.14618305  0.17902532  0.13124337  0.19346133  0.15802948
  0.25068377  0.15316617  0.11672175  0.09162698]
posPBest
[[ 0.43789502  0.15834353  0.81291798]
 [ 0.38992311  0.0311479   0.75317842]
 [ 0.58698752  0.05727229  0.9985075 ]
 [ 0.50011323  0.05540425  0.91775411]
 [ 0.48055022  0.16694082  0.85784078]
 [ 0.42956355  0.1685748   0.71722855]
 [ 0.40669091  0.25406362  1.        ]
 [ 0.43792431  0.13080779  0.84432896]
 [ 0.43025767  0.1017289   0.80602561]
 [ 0.42056186  0.06533274  0.78499526]]
gBest
0.0916269837176
posGBest
[ 0.42056186  0.06533274  0.78499526]
##################################################
