Generation 0
points
[[ 0.22602526  0.48252643  0.03384575]
 [ 0.42056186  0.06533274  0.78499526]
 [ 0.56758781  0.07944701  0.18946633]
 [ 0.06686987  0.14988763  0.14601842]
 [ 0.52959855  0.83069137  0.02139659]
 [ 0.09979532  0.21305969  0.07769864]
 [ 0.59261562  0.93587484  0.30910572]
 [ 0.36284671  0.78957003  0.41649624]
 [ 0.93791495  0.47105666  0.54292402]
 [ 0.86838536  0.57280138  0.01735449]]
fitnesses
[ 2.39136192  0.09162698  0.46012362  1.56269593  2.53955906  1.74670002
  1.4454516   1.51736997  0.9172244   2.58922823]
velocities
[[ 0.45854034  0.00499728  0.4036643 ]
 [ 0.5855631   0.70679712  0.95175805]
 [ 0.39582851  0.89644732  0.93889443]
 [ 0.96225579  0.89566318  0.38127393]
 [ 0.95723926  0.2092732   0.43932534]
 [ 0.4781067   0.37725048  0.5667953 ]
 [ 0.28234224  0.62694745  0.58540639]
 [ 0.70969772  0.9969706   0.62645648]
 [ 0.69531077  0.3060287   0.98517657]
 [ 0.4107734   0.6618514   0.60394409]]
local Best
[  1.00000000e+60   1.00000000e+60   1.00000000e+60   1.00000000e+60
   1.00000000e+60   1.00000000e+60   1.00000000e+60   1.00000000e+60
   1.00000000e+60   1.00000000e+60]
posPBest
[[ 0.  0.  0.]
 [ 0.  0.  0.]
 [ 0.  0.  0.]
 [ 0.  0.  0.]
 [ 0.  0.  0.]
 [ 0.  0.  0.]
 [ 0.  0.  0.]
 [ 0.  0.  0.]
 [ 0.  0.  0.]
 [ 0.  0.  0.]]
gBest
1e+60
posGBest
[ 1.  1.  1.]
##################################################
Generation 1
points
[[ 0.43642745  0.32781632  0.43619697]
 [ 0.59623079  0.27737187  1.        ]
 [ 0.58696375  0.33884158  0.87364363]
 [ 0.58885198  0.36281175  0.68188805]
 [ 0.73575549  0.32480787  0.72055199]
 [ 0.25500927  0.32080873  0.27371664]
 [ 0.63228918  0.89612486  0.60927522]
 [ 0.61371818  0.61229393  0.84681352]
 [ 0.67193464  0.19069036  1.        ]
 [ 0.64793537  0.38190014  0.76735449]]
fitnesses
[ 0.69632664  0.31507145  0.35153215  0.4398255   0.44525994  1.32409398
  1.54597995  0.88324677  0.26325565  0.44736517]
velocities
[[ 0.21040219 -0.15471011  0.40235123]
 [ 0.17566893  0.21203914  0.28552741]
 [ 0.01937594  0.25939457  0.68417731]
 [ 0.52198211  0.21292412  0.53586963]
 [ 0.20615695 -0.5058835   0.6991554 ]
 [ 0.15521395  0.10774905  0.196018  ]
 [ 0.03967357 -0.03974998  0.30016951]
 [ 0.25087147 -0.1772761   0.43031728]
 [-0.26598032 -0.2803663   0.51760752]
 [-0.22044999 -0.19090123  0.75      ]]
local Best
[ 2.39136192  0.09162698  0.46012362  1.56269593  2.53955906  1.74670002
  1.4454516   1.51736997  0.9172244   2.58922823]
posPBest
[[ 0.22602526  0.48252643  0.03384575]
 [ 0.42056186  0.06533274  0.78499526]
 [ 0.56758781  0.07944701  0.18946633]
 [ 0.06686987  0.14988763  0.14601842]
 [ 0.52959855  0.83069137  0.02139659]
 [ 0.09979532  0.21305969  0.07769864]
 [ 0.59261562  0.93587484  0.30910572]
 [ 0.36284671  0.78957003  0.41649624]
 [ 0.93791495  0.47105666  0.54292402]
 [ 0.86838536  0.57280138  0.01735449]]
gBest
0.0916269837176
posGBest
[ 0.42056186  0.06533274  0.78499526]
##################################################
Generation 2
points
[[ 0.48213889  0.          0.93963644]
 [ 0.4645061   0.11837513  0.85993632]
 [ 0.39396278  0.0898769   0.97298148]
 [ 0.60448229  0.17751258  0.92901431]
 [ 0.59809254  0.00880126  0.97108966]
 [ 0.3843942   0.22532686  0.58829863]
 [ 0.60151334  0.76608912  0.65062642]
 [ 0.647345    0.44121425  0.96258385]
 [ 0.46218261  0.04177147  1.        ]
 [ 0.35396342  0.00741713  1.        ]]
fitnesses
[ 0.26133035  0.15252447  0.11241833  0.23201081  0.24306214  0.17553486
  1.4969735   0.46069824  0.12622966  0.23709094]
velocities
[[ 0.04571145 -0.33443456  0.50343946]
 [-0.13172468 -0.15899674 -0.14006368]
 [-0.19300097 -0.24896468  0.09933784]
 [ 0.01563031 -0.18529917  0.24712626]
 [-0.13766296 -0.31600661  0.25053767]
 [ 0.12938493 -0.09548188  0.31458199]
 [-0.03077584 -0.13003574  0.04135119]
 [ 0.03362682 -0.17107968  0.11577033]
 [-0.20975202 -0.14891889  0.04412635]
 [-0.29397195 -0.37448301  0.24267673]]
local Best
[ 0.69632664  0.09162698  0.35153215  0.4398255   0.44525994  1.32409398
  1.4454516   0.88324677  0.26325565  0.44736517]
posPBest
[[ 0.43642745  0.32781632  0.43619697]
 [ 0.42056186  0.06533274  0.78499526]
 [ 0.58696375  0.33884158  0.87364363]
 [ 0.58885198  0.36281175  0.68188805]
 [ 0.73575549  0.32480787  0.72055199]
 [ 0.25500927  0.32080873  0.27371664]
 [ 0.59261562  0.93587484  0.30910572]
 [ 0.61371818  0.61229393  0.84681352]
 [ 0.67193464  0.19069036  1.        ]
 [ 0.64793537  0.38190014  0.76735449]]
gBest
0.0916269837176
posGBest
[ 0.42056186  0.06533274  0.78499526]
##################################################
Generation 3
points
[[ 0.44414795  0.          0.96082076]
 [ 0.37631946  0.01193046  0.73491831]
 [ 0.33614742  0.01510913  1.        ]
 [ 0.50011323  0.05540425  0.91775411]
 [ 0.49474115  0.          0.98120518]
 [ 0.42956355  0.1685748   0.71722855]
 [ 0.55666938  0.7702964   0.38074925]
 [ 0.39600869  0.          0.79259964]
 [ 0.38855907  0.00315184  0.95797447]
 [ 0.29593907  0.          0.97541185]]
fitnesses
[ 0.25402566  0.2073158   0.21666324  0.13124337  0.25935698  0.15802948
  1.47502092  0.25887712  0.24320721  0.29565811]
velocities
[[-0.03799094 -0.04547245  0.02118432]
 [-0.08818665 -0.10644466 -0.125018  ]
 [-0.05781536 -0.07476777  0.02920114]
 [-0.10436906 -0.12210834 -0.0112602 ]
 [-0.10335139 -0.07504247  0.01011552]
 [ 0.04516935 -0.05675206  0.12892993]
 [-0.04484397  0.00420728 -0.26987717]
 [-0.25133631 -0.48462147 -0.16998421]
 [-0.07362354 -0.03861963 -0.04202553]
 [-0.05802435 -0.08611074 -0.02458815]]
local Best
[ 0.26133035  0.09162698  0.11241833  0.23201081  0.24306214  0.17553486
  1.4454516   0.46069824  0.12622966  0.23709094]
posPBest
[[ 0.48213889  0.          0.93963644]
 [ 0.42056186  0.06533274  0.78499526]
 [ 0.39396278  0.0898769   0.97298148]
 [ 0.60448229  0.17751258  0.92901431]
 [ 0.59809254  0.00880126  0.97108966]
 [ 0.3843942   0.22532686  0.58829863]
 [ 0.59261562  0.93587484  0.30910572]
 [ 0.647345    0.44121425  0.96258385]
 [ 0.46218261  0.04177147  1.        ]
 [ 0.35396342  0.00741713  1.        ]]
gBest
0.0916269837176
posGBest
[ 0.42056186  0.06533274  0.78499526]
##################################################
