Generation 0
points
[[ 0.42447581  0.11597012  0.7700152 ]
 [ 0.41151284  0.07619672  0.75945154]
 [ 0.4117885   0.04342275  0.73327324]
 [ 0.41757063  0.06193528  0.80123613]]
fitnesses
[ 0.12175218  0.08858857  0.11496574  0.09241198]
##################################################
Generation 1
points
[[ 0.4190499   0.08824419  0.76733442]
 [ 0.41151284  0.07619672  0.75945154]
 [ 0.4117885   0.04342275  0.73327324]
 [ 0.41757063  0.06193528  0.80123613]]
fitnesses
[ 0.09589037  0.08858857  0.11496574  0.09241198]
##################################################
Generation 2
points
[[ 0.4190499   0.08824419  0.76733442]
 [ 0.41151284  0.07619672  0.75945154]
 [ 0.41391648  0.05944074  0.7546403 ]
 [ 0.41757063  0.06193528  0.80123613]]
fitnesses
[ 0.09589037  0.08858857  0.09033559  0.09241198]
##################################################
Generation 3
points
[[ 0.41669161  0.07705088  0.7695552 ]
 [ 0.41151284  0.07619672  0.75945154]
 [ 0.41391648  0.05944074  0.7546403 ]
 [ 0.41757063  0.06193528  0.80123613]]
fitnesses
[ 0.09089728  0.08858857  0.09033559  0.09241198]
##################################################
Generation 4
points
[[ 0.41669161  0.07705088  0.7695552 ]
 [ 0.41151284  0.07619672  0.75945154]
 [ 0.41391648  0.05944074  0.7546403 ]
 [ 0.40697967  0.08881778  0.68117479]]
fitnesses
[ 0.09089728  0.08858857  0.09033559  0.0858313 ]
##################################################
Generation 5
points
[[ 0.39902577  0.07035348  0.65615622]
 [ 0.41151284  0.07619672  0.75945154]
 [ 0.41391648  0.05944074  0.7546403 ]
 [ 0.40697967  0.08881778  0.68117479]]
fitnesses
[ 0.07887664  0.08858857  0.09033559  0.0858313 ]
##################################################
Generation 6
points
[[ 0.39902577  0.07035348  0.65615622]
 [ 0.41151284  0.07619672  0.75945154]
 [ 0.39776237  0.09747125  0.64321473]
 [ 0.40697967  0.08881778  0.68117479]]
fitnesses
[ 0.07887664  0.08858857  0.08404214  0.0858313 ]
##################################################
Generation 7
points
[[ 0.39902577  0.07035348  0.65615622]
 [ 0.39099903  0.09489828  0.56091228]
 [ 0.39776237  0.09747125  0.64321473]
 [ 0.40697967  0.08881778  0.68117479]]
fitnesses
[ 0.07887664  0.07969248  0.08404214  0.0858313 ]
##################################################
Generation 8
points
[[ 0.39902577  0.07035348  0.65615622]
 [ 0.39099903  0.09489828  0.56091228]
 [ 0.39776237  0.09747125  0.64321473]
 [ 0.37382784  0.08508744  0.49793366]]
fitnesses
[ 0.07887664  0.07969248  0.08404214  0.05720344]
##################################################
Generation 9
points
[[ 0.39902577  0.07035348  0.65615622]
 [ 0.39099903  0.09489828  0.56091228]
 [ 0.37813939  0.06942155  0.50012004]
 [ 0.37382784  0.08508744  0.49793366]]
fitnesses
[ 0.07887664  0.07969248  0.07190656  0.05720344]
##################################################
Generation 10
points
[[ 0.39902577  0.07035348  0.65615622]
 [ 0.38733168  0.08492622  0.55615779]
 [ 0.37813939  0.06942155  0.50012004]
 [ 0.37382784  0.08508744  0.49793366]]
fitnesses
[ 0.07887664  0.07216204  0.07190656  0.05720344]
##################################################
Generation 11
points
[[ 0.38939604  0.07508261  0.58711336]
 [ 0.38733168  0.08492622  0.55615779]
 [ 0.37813939  0.06942155  0.50012004]
 [ 0.37382784  0.08508744  0.49793366]]
fitnesses
[ 0.07590709  0.07216204  0.07190656  0.05720344]
##################################################
Generation 12
points
[[ 0.38458117  0.07744717  0.55259193]
 [ 0.38733168  0.08492622  0.55615779]
 [ 0.37813939  0.06942155  0.50012004]
 [ 0.37382784  0.08508744  0.49793366]]
fitnesses
[ 0.06867637  0.07216204  0.07190656  0.05720344]
##################################################
Generation 13
points
[[ 0.38458117  0.07744717  0.55259193]
 [ 0.38309057  0.08112247  0.53651983]
 [ 0.37813939  0.06942155  0.50012004]
 [ 0.37382784  0.08508744  0.49793366]]
fitnesses
[ 0.06867637  0.06561552  0.07190656  0.05720344]
##################################################
Generation 14
points
[[ 0.38458117  0.07744717  0.55259193]
 [ 0.38309057  0.08112247  0.53651983]
 [ 0.37931962  0.07532029  0.51456759]
 [ 0.37382784  0.08508744  0.49793366]]
fitnesses
[ 0.06867637  0.06561552  0.0643184   0.05720344]
##################################################
Generation 15
points
[[ 0.37291085  0.08357296  0.48008879]
 [ 0.38309057  0.08112247  0.53651983]
 [ 0.37931962  0.07532029  0.51456759]
 [ 0.37382784  0.08508744  0.49793366]]
fitnesses
[ 0.06223312  0.06561552  0.0643184   0.05720344]
##################################################
Generation 16
points
[[ 0.37291085  0.08357296  0.48008879]
 [ 0.37922167  0.08122468  0.51702492]
 [ 0.37931962  0.07532029  0.51456759]
 [ 0.37382784  0.08508744  0.49793366]]
fitnesses
[ 0.06223312  0.06045204  0.0643184   0.05720344]
##################################################
Generation 17
points
[[ 0.37291085  0.08357296  0.48008879]
 [ 0.37922167  0.08122468  0.51702492]
 [ 0.37132062  0.09126977  0.48213066]
 [ 0.37382784  0.08508744  0.49793366]]
fitnesses
[ 0.06223312  0.06045204  0.05847644  0.05720344]
##################################################
Generation 18
points
[[ 0.37666923  0.0881483   0.5179707 ]
 [ 0.37922167  0.08122468  0.51702492]
 [ 0.37132062  0.09126977  0.48213066]
 [ 0.37382784  0.08508744  0.49793366]]
fitnesses
[ 0.05990859  0.06045204  0.05847644  0.05720344]
##################################################
Generation 19
points
[[ 0.37666923  0.0881483   0.5179707 ]
 [ 0.36865679  0.09511232  0.48166508]
 [ 0.37132062  0.09126977  0.48213066]
 [ 0.37382784  0.08508744  0.49793366]]
fitnesses
[ 0.05990859  0.05743021  0.05847644  0.05720344]
##################################################
Generation 20
points
[[ 0.37396882  0.08931907  0.50260692]
 [ 0.36865679  0.09511232  0.48166508]
 [ 0.37132062  0.09126977  0.48213066]
 [ 0.37382784  0.08508744  0.49793366]]
fitnesses
[ 0.05707972  0.05743021  0.05847644  0.05720344]
##################################################
Generation 21
points
[[ 0.37396882  0.08931907  0.50260692]
 [ 0.36865679  0.09511232  0.48166508]
 [ 0.37298168  0.08840945  0.50600645]
 [ 0.37382784  0.08508744  0.49793366]]
fitnesses
[ 0.05707972  0.05743021  0.05613007  0.05720344]
##################################################
Generation 22
points
[[ 0.37396882  0.08931907  0.50260692]
 [ 0.37112478  0.09135882  0.49192371]
 [ 0.37298168  0.08840945  0.50600645]
 [ 0.37382784  0.08508744  0.49793366]]
fitnesses
[ 0.05707972  0.05639717  0.05613007  0.05720344]
##################################################
Generation 23
points
[[ 0.37396882  0.08931907  0.50260692]
 [ 0.37112478  0.09135882  0.49192371]
 [ 0.37298168  0.08840945  0.50600645]
 [ 0.37155569  0.09430412  0.50242439]]
fitnesses
[ 0.05707972  0.05639717  0.05613007  0.05707466]
##################################################
Generation 24
points
[[ 0.36772451  0.09543426  0.49514072]
 [ 0.37112478  0.09135882  0.49192371]
 [ 0.37298168  0.08840945  0.50600645]
 [ 0.37155569  0.09430412  0.50242439]]
fitnesses
[ 0.05467004  0.05639717  0.05613007  0.05707466]
##################################################
Generation 25
points
[[ 0.36772451  0.09543426  0.49514072]
 [ 0.37112478  0.09135882  0.49192371]
 [ 0.37298168  0.08840945  0.50600645]
 [ 0.36966496  0.08916423  0.49295619]]
fitnesses
[ 0.05467004  0.05639717  0.05613007  0.05472388]
##################################################
Generation 26
points
[[ 0.36772451  0.09543426  0.49514072]
 [ 0.36912264  0.09064647  0.50414519]
 [ 0.37298168  0.08840945  0.50600645]
 [ 0.36966496  0.08916423  0.49295619]]
fitnesses
[ 0.05467004  0.05413883  0.05613007  0.05472388]
##################################################
Generation 27
points
[[ 0.36772451  0.09543426  0.49514072]
 [ 0.36912264  0.09064647  0.50414519]
 [ 0.36054875  0.09842605  0.48022921]
 [ 0.36966496  0.08916423  0.49295619]]
fitnesses
[ 0.05467004  0.05413883  0.05193404  0.05472388]
##################################################
Generation 28
points
[[ 0.36772451  0.09543426  0.49514072]
 [ 0.36912264  0.09064647  0.50414519]
 [ 0.36054875  0.09842605  0.48022921]
 [ 0.36193231  0.10050696  0.49338723]]
fitnesses
[ 0.05467004  0.05413883  0.05193404  0.05259764]
##################################################
Generation 29
points
[[ 0.35615469  0.09871097  0.48748019]
 [ 0.36912264  0.09064647  0.50414519]
 [ 0.36054875  0.09842605  0.48022921]
 [ 0.36193231  0.10050696  0.49338723]]
fitnesses
[ 0.04743669  0.05413883  0.05193404  0.05259764]
##################################################
Generation 30
points
[[ 0.35615469  0.09871097  0.48748019]
 [ 0.34996785  0.10778285  0.46991923]
 [ 0.36054875  0.09842605  0.48022921]
 [ 0.36193231  0.10050696  0.49338723]]
fitnesses
[ 0.04743669  0.04891157  0.05193404  0.05259764]
##################################################
Generation 31
points
[[ 0.35615469  0.09871097  0.48748019]
 [ 0.34996785  0.10778285  0.46991923]
 [ 0.36054875  0.09842605  0.48022921]
 [ 0.34918188  0.10277296  0.46503186]]
fitnesses
[ 0.04743669  0.04891157  0.05193404  0.04701138]
##################################################
Generation 32
points
[[ 0.35615469  0.09871097  0.48748019]
 [ 0.34996785  0.10778285  0.46991923]
 [ 0.33420693  0.11241467  0.46197286]
 [ 0.34918188  0.10277296  0.46503186]]
fitnesses
[ 0.04743669  0.04891157  0.03830158  0.04701138]
##################################################
Generation 33
points
[[ 0.35615469  0.09871097  0.48748019]
 [ 0.34306115  0.10148288  0.47307071]
 [ 0.33420693  0.11241467  0.46197286]
 [ 0.34918188  0.10277296  0.46503186]]
fitnesses
[ 0.04743669  0.03930585  0.03830158  0.04701138]
##################################################
Generation 34
points
[[ 0.32814529  0.1124027   0.44590343]
 [ 0.34306115  0.10148288  0.47307071]
 [ 0.33420693  0.11241467  0.46197286]
 [ 0.34918188  0.10277296  0.46503186]]
fitnesses
[ 0.03829843  0.03930585  0.03830158  0.04701138]
##################################################
Generation 35
points
[[ 0.32814529  0.1124027   0.44590343]
 [ 0.34306115  0.10148288  0.47307071]
 [ 0.33420693  0.11241467  0.46197286]
 [ 0.30704959  0.12075434  0.45088328]]
fitnesses
[ 0.03829843  0.03930585  0.03830158  0.01882545]
##################################################
